1
23 26
997 962 995 999 997 969 999 962 959 953 972 993 962 984 985 985 964 964 979 960 998 981 964 956 985 960
993 952 977 962 953 976 975 998 976 974 969 975 986 980 980 960 974 992 996 961 978 963 975 959 973 973
992 987 982 978 998 975 982 977 988 986 954 963 986 982 989 956 957 977 988 989 987 964 981 986 975 961
999 953 971 972 978 963 959 960 993 957 986 976 985 976 962 991 991 998 973 980 956 982 957 995 971 996
961 954 982 987 966 981 992 987 955 970 952 965 981 996 974 969 974 961 995 986 952 986 984 977 966 993
959 975 990 982 971 951 987 956 990 955 989 982 992 995 953 996 962 984 992 988 953 966 950 950 954 954
986 991 982 954 984 993 981 974 978 954 977 965 960 968 970 952 950 964 999 953 962 963 989 955 951 994
973 953 994 980 958 982 971 992 988 957 987 971 983 965 976 960 982 988 980 954 990 981 970 989 986 983
954 976 990 956 972 965 959 969 995 967 953 968 961 992 975 999 963 960 966 991 971 951 980 953 957 972
984 978 964 971 963 968 999 953 974 973 968 984 992 966 953 998 984 967 990 962 968 955 972 984 999 995
987 979 999 995 953 985 973 967 956 986 986 957 991 962 981 961 998 975 977 954 973 962 971 965 976 989
973 998 975 972 996 965 953 997 960 956 982 985 976 989 973 964 998 964 976 981 975 975 959 953 979 984
967 952 950 995 991 975 995 968 999 991 983 954 988 995 962 971 980 988 962 953 952 962 967 979 994 995
956 955 998 985 989 967 989 991 962 982 966 957 950 967 951 986 971 989 981 984 962 962 972 976 965 977
989 985 956 985 980 964 990 980 951 979 999 990 971 963 972 989 972 974 957 973 960 978 965 992 964 979
956 989 956 973 966 997 958 972 982 990 988 974 972 989 955 971 979 978 984 951 968 957 975 977 982 988
957 999 980 972 979 988 961 987 961 977 984 972 951 968 962 991 992 985 980 997 958 959 976 995 962 996
954 987 973 986 975 982 988 957 956 969 997 967 956 959 996 992 983 999 960 997 990 954 984 972 951 993
981 979 988 993 977 992 983 952 980 960 985 968 970 991 989 967 961 995 978 959 989 961 961 999 959 953
953 995 976 957 988 959 988 978 953 966 972 988 968 953 998 955 973 970 999 963 988 960 960 966 971 950
980 982 951 989 986 957 984 964 966 975 973 956 955 978 972 978 966 993 983 967 950 958 987 999 973 977
959 984 994 981 986 974 965 989 965 951 996 951 965 962 978 991 969 984 969 993 962 986 988 997 955 989
955 994 990 979 972 952 965 966 985 953 992 950 992 957 954 991 960 971 953 989 962 974 975 982 970 987
970 960 986 975 951 991 969 992 972 991 994 989 959 979 994 951 979 987 960 983 978 973 957 983 964 969
960 989 951 982 976 973 992 964 950 994 955 970 988 980 963 982 971 975 963 966 978 994 953 991 980 983
964 987 968 978 956 980 967 960 962 995 983 955 959 986 951 966 958 989 998 971 973 970 998 986 986 979
980 991 970 960 976 986 999 996 964 956 977 983 968 989 980 953 996 991 989 999 959 997 990 958 971 963
978 969 951 966 998 984 959 970 996 985 956 996 981 972 952 960 955 972 952 987 975 950 978 965 950 988
962 990 996 985 956 976 955 957 994 955 993 953 976 990 990 982 986 973 955 990 984 962 962 986 950 989
986 980 954 988 968 969 981 966 954 987 994 961 996 988 967 990 993 995 980 983 979 966 957 986 958 991
951 970 979 953 959 967 983 966 956 954 985 987 972 991 976 967 953 972 957 972 962 953 969 994 986 998
960 993 985 970 986 986 990 967 991 952 985 974 970 993 980 957 980 953 998 956 972 953 980 981 977 993
984 996 987 971 997 950 966 984 972 955 972 963 972 963 967 959 989 987 952 970 994 984 973 994 992 997
998 973 978 977 968 963 976 957 986 973 959 954 959 982 959 981 997 984 994 964 995 983 953 950 955 997
984 978 993 977 977 993 952 956 971 970 971 997 977 957 972 987 963 981 969 973 962 966 959 958 982 954
993 985 954 999 984 991 979 977 970 957 971 972 965 994 992 986 991 969 995 965 958 958 996 977 983 960
995 992 970 977 999 965 962 955 966 996 996 996 974 968 955 997 990 970 991 984 958 984 954 953 999 964
963 997 992 997 959 989 991 979 967 990 996 979 998 963 978 996 961 954 965 968 951 955 988 992 990 998
978 996 953 977 960 966 976 954 965 985 994 957 966 961 999 962 992 997 977 970 994 990 974 959 958 977
966 998 971 958 996 999 956 999 978 969 968 954 973 983 991 969 990 957 982 990 972 977 989 951 999 985
992 974 996 950 953 963 999 975 973 995 974 980 997 953 999 965 959 974 998 951 996 991 960 978 983 984
957 974 986 957 960 980 981 956 980 984 969 981 961 995 979 986 975 976 991 974 993 950 950 993 953 996
984 966 975 969 950 982 994 988 991 954 968 974 960 951 959 982 982 972 977 963 958 952 989 999 978 984
952 978 978 957 975 964 973 952 984 974 986 980 962 978 984 983 952 996 984 963 978 968 986 957 982 996
961 973 998 989 958 952 970 988 959 997 952 983 951 988 959 989 968 973 969 954 956 972 951 992 987 981
963 975 991 997 974 952 970 972 994 980 976 966 970 985 963 975 970 966 963 979 955 984 953 975 988 961